9312
27256
11283
27167
11135
11949
21560
6129
6980
9288
21336
10271
64
18416
20460
26759
25057
10233
29894
15932
29968
28456
5325
20825
82
7983
3928
20231
13244
15937
10139
26147
20459
15614
7514
23233
29825
18440
21506
29490
2512
26830
13249
29270
2020
16906
24158
11818
29585
5524
19584
2463
24047
21288
23087
16601
25544
16266
1463
27240
20326
9087
14302
24432
18215
24802
2738
7879
21066
21335
28793
6919
8255
15019
9912
3101
16361
21080
26717
27646
20192
18993
21458
26476
4395
16096
20258
20264
22902
13057
11042
26315
9538
23920
4944
1022
15756
16336
19264
7199
11424
9273
22022
27412
24105
24509
24286
28971
6507
12809
28677
21473
7584
16796
19054
4742
15418
8423
11597
6353
832
8750
7406
13272
4311
11476
23193
11868
29940
931
17068
12190
6352
6306
10084
1207
6242
10241
6029
601
10980
2897
10643
9746
888
11983
10009
12845
12985
15058
10071
17671
1437
19317
1944
6820
27482
17706
23674
386
7869
17882
1673
1038
7020
13142
10768
15939
18839
12156
22113
11543
10634
15742
24960
918
25814
9864
10001
1832
27994
25667
2067
23980
29815
26814
28118
22663
14360
12322
2221
23321
1483
311
29126
27989
11450
20179
13641
19130
8501
25664
29802
4605
16956
1929
27179
15180
2819
22764
10049
6889
21592
25892
22626
16130
7556
9971
1499
23288
20564
23383
29830
27303
16221
12741
26432
26309
4417
340
8401
11824
17685
20572
18117
2375
17941
21401
4794
10342
26691
19219
15597
9085
12193
19152
18837
516
17474
27830
3402
4594
405
26394
14143
3084
5235
6681
7581
8308
3109
5286
17803
13042
18714
10113
77
29541
27622
18261
14712
5487
23784
26142
16496
24492
6461
24598
29140
10235
8689
14648
18208
13601
7575
9340
5679
17504
28332
610
14631
15715
7853
15269
14084
12588
4615
17
20340
5471
